E : 0.2138888888888889
A : 0.24930555555555556
F : 0.14305555555555555
C : 0.14305555555555555
D : 0.13125
B : 0.11944444444444445
