F : 0.1515422679444925
C : 0.15155917906591498
A : 0.25265245061503744
B : 0.13955500236267554
D : 0.11906808910508242
E : 0.18734019939499402
